f=-7.26598	 L=-157.956	 argmax_ovl=0.489153	 
argmax_configuration:
0 0 0 0 0 0 0 0 0 0 0 0 0 0 0 0 0 0 0 0 0 

marginals:
0.489557 0.026029 0.17676 0.0520579 0.255596 
0.489658 0.0260145 0.176745 0.052029 0.255553 
0.488951 0.0261139 0.17685 0.0522277 0.255857 
0.489461 0.0260427 0.176775 0.0520855 0.255636 
0.489183 0.0260812 0.176815 0.0521624 0.255758 
0.489011 0.0261062 0.17684 0.0522124 0.255831 
0.48972 0.0260064 0.176736 0.0520128 0.255524 
0.489481 0.0260398 0.176772 0.0520796 0.255628 
0.488574 0.0261667 0.176904 0.0523334 0.256022 
0.490465 0.0259012 0.176628 0.0518024 0.255203 
0.489667 0.0260133 0.176745 0.0520266 0.255549 
0.488696 0.0261503 0.176886 0.0523006 0.255967 
0.488779 0.0261375 0.176876 0.0522751 0.255932 
0.489121 0.0260902 0.176824 0.0521803 0.255784 
0.489209 0.0260779 0.176811 0.0521557 0.255746 
0.489388 0.0260524 0.176787 0.0521048 0.255668 
0.489312 0.0260636 0.176797 0.0521273 0.255701 
0.487306 0.0263458 0.177088 0.0526915 0.256569 
0.489618 0.0260207 0.176752 0.0520414 0.255569 
0.488921 0.0261181 0.176855 0.0522361 0.25587 
0.488137 0.0262262 0.17697 0.0524523 0.256215 

argmax_marginals:
0.489557 0.489658 0.488951 0.489461 0.489183 0.489011 0.48972 0.489481 0.488574 0.490465 0.489667 0.488696 0.488779 0.489121 0.489209 0.489388 0.489312 0.487306 0.489618 0.488921 0.488137 
