f=-7.26726	 L=-157.929	 argmax_ovl=0.423203	 
argmax_configuration:
2 2 3 2 2 2 2 3 3 2 2 2 3 2 2 2 3 2 3 2 2 

marginals:
0.0462896 0.18601 0.469668 0.298033 
0.0592174 0.15402 0.442747 0.344016 
0.0848795 0.119305 0.391626 0.404189 
0.0772891 0.130182 0.406931 0.385599 
0.0623558 0.154661 0.437229 0.345754 
0.0792124 0.128936 0.403988 0.387864 
0.0643504 0.150286 0.432555 0.352808 
0.0843206 0.121346 0.393244 0.401089 
0.0892285 0.114147 0.383232 0.413393 
0.053624 0.168522 0.454943 0.322911 
0.0619303 0.153874 0.437986 0.34621 
0.0769472 0.130243 0.40724 0.38557 
0.0876053 0.117123 0.386573 0.408699 
0.0719392 0.138434 0.417373 0.372254 
0.0812308 0.123747 0.398406 0.396616 
0.066529 0.148749 0.428594 0.356128 
0.0840476 0.121222 0.393592 0.401138 
0.050623 0.175559 0.461335 0.312483 
0.0841245 0.119712 0.392997 0.403167 
0.0742926 0.133104 0.412247 0.380356 
0.0585402 0.157216 0.444341 0.339903 

argmax_marginals:
0.469668 0.442747 0.404189 0.406931 0.437229 0.403988 0.432555 0.401089 0.413393 0.454943 0.437986 0.40724 0.408699 0.417373 0.398406 0.428594 0.401138 0.461335 0.403167 0.412247 0.444341 
