f=-7.26592	 L=-157.957	 argmax_ovl=0.523401	 
argmax_configuration:
2 2 2 2 2 2 2 2 2 2 2 2 2 2 2 2 2 2 2 2 2 

marginals:
0.385935 0.118066 0.495999 
0.362463 0.110068 0.527469 
0.351866 0.106494 0.541641 
0.355537 0.107739 0.536725 
0.360604 0.109441 0.529956 
0.364517 0.110777 0.524705 
0.364765 0.110853 0.524382 
0.362829 0.110203 0.526967 
0.361263 0.109669 0.529068 
0.37326 0.113741 0.512999 
0.374514 0.114169 0.511317 
0.366851 0.111564 0.521584 
0.358402 0.108699 0.5329 
0.378692 0.115593 0.505716 
0.365475 0.111082 0.523443 
0.356285 0.107986 0.535729 
0.36461 0.110809 0.524581 
0.368562 0.112132 0.519305 
0.372095 0.113343 0.514562 
0.357025 0.108234 0.53474 
0.369805 0.112564 0.517631 

argmax_marginals:
0.495999 0.527469 0.541641 0.536725 0.529956 0.524705 0.524382 0.526967 0.529068 0.512999 0.511317 0.521584 0.5329 0.505716 0.523443 0.535729 0.524581 0.519305 0.514562 0.53474 0.517631 
